100	0
200	-11.8147
300	-13.4867
400	-6.52515
500	3.58808
600	4.23523
700	-6.29939
800	-15.3675
900	-14.1368
1000	-5.22213
1100	8.79331
1200	1.38396
1300	6.46621
1400	6.1714
1500	4.14386
1600	3.40563
1700	7.51168
1800	12.2983
1900	12.2983
2000	11.5118
2100	5.78969
2200	2.33725
2300	8.48427
2400	10.9435
2500	6.08479
2600	7.03065
2700	1.70169
2800	8.27352
2900	-4.6829
3000	-0.519984
3100	0.457755
3200	-13.9129
3300	5.05069
3400	0.626837
3500	-1.1016
3600	-7.86724
3700	-1.82584
3800	7.30064
3900	7.35445
4000	2.66179
4100	2.49539
4200	0.431958
4300	0.513501
4400	-8.61321
4500	-12.0777
4600	0.144562
4700	-4.51306
4800	-1.74758
4900	-5.33556
5000	-11.6516
5100	-4.66913
5200	-1.23652
5300	2.58143
5400	-1.90325
5500	-10.336
5600	5.79486
5700	-5.03908
5800	-4.21797
5900	-2.63103
6000	-8.27173
6100	-11.7943
6200	2.71285
6300	-4.7177
6400	3.90966
6500	-1.26019
6600	-9.81342
6700	3.30648
6800	5.44785
6900	-8.71015
7000	-5.56857
7100	-22.6587
7200	-1.20641
7300	-17.6267
7400	-7.05189
7500	-6.10926
7600	3.3897
7700	5.2302
7800	-2.6922
7900	5.18431
8000	-0.436457
8100	8.35097
8200	4.46078
8300	0.877605
8400	5.64504
8500	-3.01749
8600	-5.52033
8700	9.45102
8800	6.81564
8900	12.1223
9000	-2.35491
9100	-9.7179
9200	4.63676
9300	5.26374
9400	-4.22394
9500	6.4769
9600	-3.28472
9700	1.21975
9800	1.40044
9900	2.93931
10000	6.79013
